5961)

mind. W. Dind. W.

471
479
475
474
475
475
477
478
479

481

510
. 511

512
513
514
515
59
518
519

⁸) Ex Euripidis
tclog. p. 9⁰².

argum.

493 521

488 522·

494 523

 

Dind. W'Diffl. W.

470 492 520 614 570

546 571
543 572
549 573

495 524 5520. 574

496 525
498 526
497 527
‘¹533‘ {2²3
502 530
503 531
504 532
505 533
506 534
507 535
508 536
509 537
510 538
511 539
512 540
513 541
514 542
515 543
516 5424
517 545
518 546
519
520
521
522
523
524
525 553
ἓὲξιὲἓὲ
539,555
536 557

5351
388

78 ' 559
’τω-οι Ι 560

 

548
549
550
551

 

544,552
545,555
550 554
551 555
541,555
540 557

³ ⁵423ssae

547.

552⁴

:⁵⁵⁸3

561·

547 575
548 576
554 577
557 578
556 579
555 580
564 581
565 582
566 583
567 584
553 585
558 586
561 587

562 588

563 589
568 590
569 591
570 592
571 593

572 594·

573 595

559 596·

560597

590 598

574 599
575 600
591 601
576 602
577· 603

578 604ι

579 505
580 505
581 507
582 608
583 509
584 610
587 511

555 519-
559 513·
595 514

594 615

592 616 ’
596 617

597 618
598 619
599 620

593

227 622
609 623
603 624
601 625
602 626
604 627
605 628
606 629
607 630
610 631

 

651 668
650

781 570 700 718 υἱ
c 749 755

652 671
654 672
655 673
656
657
658 675

611 632 noane. 676
612 Phnoctet. 677

613 633
615 634
616 635
608 636
613 637
617 638
618 639
619 640

620 641 -

621 642

622 643

623 644
624 645
625 646
626 647
51 ⁶4⁸
728 649
631 650
632 651
633 652
634 653
635
636
637 655
638 656
639 657

640 58
641 659
642 660
643 661
644 662
645 .
646· 663
647

 

648 664 693 ’712

659 678
660 679
662 680
663 681
664 682
665 683
666 684
667

668 685
669 686
670 687
671 688
672 689
673 690
674 691
675 692

676 693 ,

677 694
679 695
951 696
680 697.
681 698

654 onthy. 699

700

691. ’710
692 71112·

Dind.

653 669 ἓ

574 3

W. Dind. W. Dina. W.

600 6211)·11111101. 666 695 714
argum 667 696 715

697 716
698 717
699

701

350 719·
702 720
703 721
704 722
705 723
706 724
707 ’725
708 726
709 727
710 728
711 7291
712 730
713 731

Euripi· 732
dia ·) 733

552 734
714 735
715 736
716 737
718 738
109 739
722 740
723 741
724 742
725 743
224 744
726 745
727 746

369 747 -

729, 748
730 749
731 750
732 751
733 752
735 753

. 832 754

736 755
737 756

- 738 757
690 709·

105 758
739 759
740 750
741 751

649 c65 694 713 186 762

742 763 813

743

744 7Μῖ

746 765

a '747 ,766

748 767

750 769
751 770
753 771
754 772
755 773
756 774
757 775
758 776
759 777
760 778
761 779
107 780
762 781
763 782
764 783
765 784
766 785

⁸146

815
818
819
820
794
793
145
796
825
786
789
790
806
778
721
7 20
195
782
752

823
111

767 786 ,Ae-ch.
768 Agm 261

769 787
770 788
771 789
772 790
773 791
756 792
774 793
775 794
776 795
232 796
777 797
795 798

783
'784
214
182
830
827
300
301
831
833
834
835
836
838
839
840
842
843
844
845
846
847
848
849
850

Hippolyto atet-t optzmun cod. vindob. teate flamm-do ad micea Sub.

 

