507

Dind. W. Dind. W. Dind. W. mind. W. Dind. W.

 

 

Dind. W.' Dind. W.

812 851 834 871 857 899 880 922 901 941 924 967 946 992
813 852 835 872 858 900 881 923 902 943 925 968 947 993
814 853 836 873 859 901 882 924 903 944 926 969 948 994
815 854 837 874 860 902 883 925 904 9461927 970 949 338
816 1 855 838 876 861 903 884 926 905 947 928 -971 950

817 856 839 877 862 904 ’88 906 948 929 978 951 998
818 857 840 878 863 905 886, 950 907 949 930 974 952 999
819 858 841 879 864 906 887 928 908 952 931 975 953 1000
820 859 842 880 865 907 888 929 909 567 932⁸. 976 954 1001
821 860 843 881 866 908 889 930 910 953 ὴ. 977 955 1002
822 861 844 882 867 909 890 931 911 954 933 978 956 1003
823 862 845 883 868 910 891 932 912 955 934 979 957 1004
824 863 846 884 869 911 892 933 913 956 935 980 958 1005
825 864 847 887 870 912 893 soph. 914 957 936 981 959 1006
826 865 848 888 871 913 oe. 1633 915 958 937 982 960 1007
827 866 849 889 872 413 894 Plato· 916 959 938 984 961 1008
828 867 850 890 873 914 nin ·) 917 960 939 985 962 1010

829 868 851 891 874 915 895 934 918 961940 986 963 1011 ,

830 869 852 894 875 916 896 935 919 962 941 987
831 797 853 895 876 917 897 936 920 963 942 .988
832 870 854 896 877 918 898 937 921 964 943 989
833 Soph. 855 897 878 919 899 938 922 965Ι 944 990

ov. 873 856 898 879 921 900 9401 923 966 945 991

Ι

·) Contudit Photinus locum Sophoclis OB. m et Platonis de rep. ρ. 393 Α. cf. Schneider.
nd Pht. Ι. e.

Inc·e}·taru131 sabuJamm fragmenta in nostra editione} sic disposuimuS,
ut eontmuo ordme exhxberemus, uae ab uno eodemque scnptore extata sunt,
exeeptis iis· (Aepch. sgm. 392— 7. Soph. fgm. 830-1011), qqae maximam
·¹³⁸“⁶¹¹¹11‘i Ὗ· „¹:⁸03'332b3d15035ffim22?dssffiffcffi‘ff‘effcfflfflssfs‘ffizffiffi
{gnkeschyfi vel 'Sophoclippuetoritate firpmantur, servavimu's.q
A22¹a.⁰ss”{⁰{{.¹2¹1?ss{†¹233¹51¹¹2†⁸3562?⁵1¹7¹3.² 318. 321. 323. 356. 374. 383. 384.
Soph. f '.3⁹1‘}‘.31⁵37}341{381'.213 b. 222. 223. 233. 237. 282. 289. 320. 329. 368.

3 4. 427. 445. 457. 478. 535. 585. 586. 661. 715 b. 717. 719. 734. 745.
785. 787. 788. 791. 792. 799. 800. 802. 803. 804. 805. 814. 816. 817.
821. 822. 824. 826. 828. 829. 837. 841. 845 b. 875. 885. 886. 892. 893.
920. 939. 942. 945. 972. 983. 995. 1009.

 

ἱ
alf

