1. AESOHYLI FRAGMENTORUM NUMERI
nmnossmm comARATl 01111 2163331133. ,

 

niua.w.n1nd.w nina. w. nina. w. 11156. w.

 

Dind. W.

 

 

Dind. W.

 

 

 

 

42 43 80 82119 124 159 165 199 206 238 251
43 45 81 ’ρΙε ει. 120 55 160 367 200 207 239 370
44 4641113 ιιι. 121 125 161 167 201 210 240 250
45 47 82 85 122 127 162 . 168 202 211 241 249
46 48 83 87 ’123 134 163 169 203 · 208 242 · 252.
47 49 84 83 124 132 164 166 204 209 243 254
4813993111. 85 84 125 128 165 171 205 212 244 253
. argum. 86 89 126 Eur tur-lp 166 172 206 213 245 257·
49 50 87 88 rgm. 692 167 174 207 214 246 259

51 52 89 92128 131 169 175 209 216 248 261
52 96 90 91 129 129 170 176 210 220 249 256
53 97 91 93130 130 171 177 211 221 250 255

eooeQmemboemt-

..ι
10
ggffifflzgssssffissgqeoemmmoeoemfl

   

     

 

 

¹ 50 51 33 90127 133 163 173 203 215 247 260
14 54 53 94131 136 172 173 212 222 251 253
15 55 54 92 95132 137 173 179 213 223 252 262
16 56 -57 93 99133 135 131 214 224 2531458.
17 57 ’53 94 93 134 139 ¹⁷⁴ ξ 136 215 219 »ιε-ι..
13 53 59 95 100135 140 175 193 216 225 254 263
19 59. -60 96 101 136 141 176 199 217 217 255 264
20 ιιι... ι 60 ,61 97 102137 133 177 137 213 213 256 265
mum. 61 ·62 93 103133 ’142 173 133 219 226 257 263
21 30 62 56 99 104 139 143 179 139 220 227 253 266
22 25 63 67100 105 140 144 130 132 221 223 259 269
23 26 64 66 101 106 141 145 131 130 222 229 260 267
24 27 65 65 102 107 142 146 132 190 223 230 261 men
25 · 23 66 64 103 103143 143 133 192 224 232
26 22 67 63104 109144 147 134 191 231 262 270
27 23 63 69 105 110145 149 135 196 225 233 263 271
23 29 69 70106 111 154 136 197 234 264 126
29 31 70 71 107 113 ¹4⁶ 157 137 194 226 235 265 272
30 24 71 72103 114 147 156 133 133 227 233 266 276
31 32 72 74 109 115 143 155 189 281 223 236 267 313
3 36111 33131313332913323134
34 . 36 74 75111 119 151 153 192 134 230 244 269 ξ 316
35 37 75 79 112 297 152 153 193 200 231 242 317
36 33 76657166. 113 113153 159 194 202 232 240 270 319
37 33 114 120154 150 195 201 233 239 271 320
33 39 77 ‘3¹78' 115 54155 161 237 234 243 272 322
39 40 73 76¹ 116 121 156 162 ¹⁹⁶ 203 235 241 273 ἓξὲξ
40 42 77117 122 157 160 197 204 236 247
41 44 79 31 113 123 153 163 193 205 237 243 274 326

 

