504

Dind. W.

 

275 327 299 3621319
276 328 300 363 320
277 329 301 Aret-no- 321
278 330 9116584501. 322

279 331
280 301

281 332 302
282 333 303
283 334 304

 

Aris-toph. 323
nn 704 324
353 325
385 326

284 305305

285 308306

286 347 307

287 287 308
288 285 309
289 346 310

290 312 311
291’ 279 312
292 298 313
,293 299 314
294 295 315

295 300 316

296 336

297 286 3¹⁷
298 3571318

-·-..—·—- - -

386 327

387 328
302· 329
304 330

311 331

307 332
309 333
310 334

337 335
280 336
282 337
283 338
339 389 357

284

ἔ 33
275

 

 

358 340 Omns 361

342 propter 362
Ατίεἲορῐι. 363
·410 Ram. 839 364
354 341 ,339 365
340 366
344 367
345 368
422 369
425 370

343

426 342
432 343
278 344
277 345
429 346
382 347
, 381 348

361 349
360 350

352 351

379 352
338 353
378 33
349 356

358
359
1360

427 371

430 372
446 373
403 374
413 375
416 376
419 377

mad. w. mad. w. mad. w. mad. w.

  

Dind. W. Dind. W.

  

293 384 335 405 417

375400

447 378 380 401
423 379

443

424 380

303

433 406
434- 407
436 408
437 409
438 410
439 411
440 412
442 413
444 414
445 415
355 416
77 417
364 418
273 419
400 420
306 421
435 422
395 423

376 402 414 424

348

421 425

288 381 291 403 Soph. 426
294 882 274
292 883 351 404 4151

sgm. ll

406
404
399
428
392
393
394
396
397
398
401
402
408
41 1

412
418
420
431

441 -
365
371

ΙΙ. sofflocus FRAGMENTORUM NUMEffl

DINDOR-FIANI coMPARATl CUM WAGNERIANIS. -

 

 

vind. W. mna. w.
1 1 15 12
2 Atham. 16 13

argum. 17 18
ἓ ἓ 13 11
5 4 20 2ο
6 5 21 21
7 6 22 22
8 7 23 23
9 8 24 25

10 9 25 27
11 ἐξ ἐξ 223
12 10 28 30
13 16 29 31
14 537 30. 32

 

Dind.

31
32

&atassegffiffiffiffiffiffiae

‘W.

33
34
35
36
37
38
39
40
41
42
43
44
45
46
47
48

 

47
48
49
50
51
52
53
54
55
56
57
58
59
60
61
62

49
50
51
52
-53
54
55
56
57
58
59
64
65
66
63
62

63
64
65
66
67
68
69
70
71
72
73
74
75
76
77
78

Diud. Ψ.1 Dind. W.

67
60
61
355
356
354
357
358
68
69
70
71
72
73
74
75

 

 

Dind. W. Dind. W.
79 76 95 112
80 77 96 113
81 93 97 114
82 94 98 86
83 -95 99 87
84 96 100 79
85 97 101 88
86 98 102 81
87 99 103 82
88 100 104 80
89 101 105 90
90 102 106 89
91 103 107 83
92 104 108 84
93 105 109 85
94 106 110 78

 

