505

Dind. w'nind. wlffino. VKlDind. W.' Dind. W. Dind. W. Dind. W.

       

111 91 163 Ξ 154 214 213 265. 319371 396 419 447
112 92 155 215 Eury-n 266 271 318 324 372 397 4Ἇ) 444
113 115 164 158 argtum. 267 267 319 325 373 398 421 446
114 116 165 162 216 317 268 272 3Ἆ), 326 374ι. 399 422 448
115 117 166 156 217 215 269 273 321 331 37411.Δαὶ1ιεί 423 449
116 118 167 160 218 216 270 275 322 332 (gun-27 424 450
117 119 168 161 219 217 271 277 323 333Ι 375 403 4250611616.
118 120 169 157 220 218 272 276 324 334¹ 376 404 argum.
119 121 170 165 221 219 273 278 325 335 377 400 426 452
120 122 171 163 222 220 274 279 326 336 378 405 427 453
121- 123 172 164 223 221 275 280 327 337 379 401 428 454
122 124 173 166 224 224 h. 276 281 328 339 380 451 429 455
123 125 174 167 225 225 277 283 329 338 381 402 430 458
124 126 175 168 226 226 278 274 330 204 382 406 431 459
125 127 176 169 227 234 279 284 331 206 383 407 432 ⁸·456
126 128 177 170 228 230 280 285 332 207 384 408 11457
127 470 178 171 229 228 281 286 333 340 385 409 433 500
128Androm. ,179 172 230 229 282 302 334 341 386 410 434 460

argum. 180 173 231 236 283 Hippon. 335 342 387 411 435 461-
129 130 181 174 232 235 argum. 336 343 388 412 436 462
130 131 182 175 233 24 284 288 337 345 389 Nau-msc. 437 464
131 132'183 176 26 285 287 338- 346 argum. 438 477
132 129 184 177 234 245 286 -290 339 344 390 416 439 463
133 133 185 180 235 246 287 291 340 348 391 414 440 465
134 134 186 179 236 247 288 293 341 · 351 392 415 441 466
135 135 187 183 237 248 289 294 342 352 393 ξ 419 442 467
136 136 188 184 238 249 290 297 ’343 349 420 443 468
137 137 189 185 239 250 291 298 344 353 394 417 444 471
138 138 190 187·24Ο 251292 299 345 361 418 445 479
139 139 191 188 241 252 293 292 346 360 395 425 446 480
140 Antea. 192 189 242 253 294 296 347 359 396 421 447 481
trgum. 193 190 243 238 295 303 348 362 397 423 448 482

 

 

141 140 194 191 244 254 296 304 349 363 398 424 449 483
142 141 195 192Ι245 255 297 305 350 364 399 422 450 469
143 142 196 Epigon. 246 256 298 328 351 365 4OE 426 451 484
144 143 argum 247 239 299 306 352 366 401 ζ 429 452 485
145 144 197 193 248, 257 ΒΕῸ 307 353 377 430 453 473

5292199 205 {3 6999 918, 99 3 2313 23
150 147 202 196'253 242 691968 958 382 406 435 458 476
161 ¹4⁸02⁰3 1971954 244 305 311 359 363 407 629 459 470
1Ξὲ ἐὲἓξέἓέ 1113ἓὲἓὲ Ξὲὲὲὧδ 33:33³ 33& 3313 Ξὲἓ
ῗὲἓ ἓέἐῗηθ ff ἓὲἔ Ξὲἑ ff ἓῖἒ ἓὲἓ ³333 21? 2Ξὲ ἓξὲξ 3³3
¹⁵⁶ ⁵³4‘²⁰⁸ ²⁰¹2⁵⁹{}23{’}‘1¹ ἓὲῗὲἓὲ ἓὲἓὲἷὲ ἓὲἓὲἓὲ 3711»
{2} {fflffissneffi 260 266 312 316 366· 391 414 440 465 373
159 152 ..16611961ξ268 313 318 367 392 415 441466 375
160 5352211 210 262 314 322 368 393 416 442 467 376
161 .153‚212 211‚263 269 315 323 369 394 417 330 468 490
162 ¹⁵9l²¹3 ²¹2l²⁶4 270 316 327 370 395 418 443 469 ο491

146 528198 194

 

Wagner, anm. poet. «τις. 1. 33

